2 0.134071 0.355547 0.196974 0.188946
3 0.736061 0.340063 0.215186 0.149353
1 0.661530 0.577421 0.282432 0.126225
1 0.308069 0.586045 0.272625 0.130145
0 0.419025 0.338691 0.158308 0.127009
5 0.560801 0.350843 0.137013 0.045472
6 0.290838 0.355547 0.121042 0.039984
4 0.500140 0.466876 0.108154 0.148177
4 0.357103 0.463152 0.067526 0.136809
7 0.412721 0.344375 0.090782 0.062328
7 0.126786 0.335947 0.156627 0.081537
7 0.308630 0.577617 0.212665 0.062328
7 0.660829 0.573893 0.229476 0.048608
7 0.741244 0.336339 0.145419 0.099569
