0 0.419165 0.675225 0.132810 0.108585
0 0.469739 0.845943 0.244046 0.117601
0 0.464416 0.458644 0.204259 0.127009
2 0.734800 0.681105 0.166713 0.132105
3 0.184646 0.461780 0.272906 0.127009
6 0.567666 0.675813 0.170356 0.041552
5 0.341132 0.453156 0.045671 0.039200
4 0.425890 0.571541 0.020734 0.105057
4 0.423508 0.755782 0.022135 0.058800
7 0.459793 0.457076 0.177080 0.061936
7 0.731437 0.675813 0.121883 0.064289
7 0.410759 0.680517 0.074531 0.058800
7 0.468198 0.848099 0.211824 0.067817
7 0.184786 0.462956 0.221070 0.058800
