0 0.667834 0.184437 0.128607 0.083497
1 0.659288 0.399647 0.135612 0.077225
1 0.270664 0.148961 0.124965 0.076049
1 0.272906 0.267542 0.135612 0.101529
0 0.274026 0.423951 0.137854 0.085849
0 0.277949 0.590161 0.140656 0.079577
2 0.304427 0.741866 0.207621 0.107017
4 0.458112 0.155429 0.237602 0.059192
4 0.468479 0.236378 0.252171 0.092513
4 0.486131 0.338691 0.265060 0.211682
4 0.273046 0.508232 0.026618 0.082713
6 0.275988 0.653665 0.032502 0.077225
7 0.266181 0.144649 0.081255 0.042336
7 0.662931 0.186985 0.105352 0.048608
7 0.657747 0.394747 0.087139 0.042336
7 0.271365 0.265386 0.080975 0.048608
7 0.275567 0.420619 0.110675 0.047824
7 0.277529 0.588201 0.111236 0.049784
7 0.304847 0.729518 0.176520 0.050960
