0 0.426450 0.095453 0.142337 0.088201
0 0.285094 0.324775 0.130849 0.097609
1 0.528579 0.330655 0.136453 0.094473
1 0.361586 0.563701 0.135332 0.108977
1 0.151023 0.611917 0.155226 0.101921
4 0.212805 0.473148 0.077052 0.199138
4 0.338890 0.439632 0.052396 0.143081
4 0.494957 0.209330 0.055198 0.152881
4 0.365368 0.206194 0.085738 0.148177
7 0.426030 0.093885 0.097786 0.055272
7 0.527038 0.327519 0.066685 0.056056
7 0.282432 0.321051 0.083497 0.054096
7 0.349117 0.561544 0.060521 0.064681
7 0.145279 0.610937 0.078734 0.061544
