0 0.552676 0.206586 0.135892 0.078401
1 0.185766 0.329871 0.146820 0.099961
1 0.512468 0.459036 0.168675 0.098001
1 0.690950 0.535280 0.163071 0.087417
1 0.853881 0.414151 0.199776 0.092905
4 0.694172 0.300470 0.153264 0.187770
4 0.602830 0.363975 0.087139 0.260682
4 0.512889 0.324971 0.033903 0.176401
4 0.375736 0.264406 0.228635 0.146217
7 0.553376 0.207174 0.097506 0.044296
7 0.854301 0.415131 0.160829 0.045472
7 0.687307 0.534300 0.118801 0.046256
7 0.514290 0.461976 0.129728 0.041944
7 0.184365 0.331439 0.108154 0.051352
