0 0.472962 0.124069 0.226954 0.105449
0 0.452087 0.311838 0.204259 0.113289
1 0.607593 0.447472 0.189689 0.093689
1 0.244046 0.497060 0.345755 0.100353
6 0.629728 0.125245 0.089381 0.027048
4 0.457271 0.213838 0.025778 0.080361
4 0.538946 0.381419 0.036145 0.042336
4 0.370552 0.409447 0.047352 0.079577
7 0.474783 0.126225 0.188008 0.061936
7 0.797002 0.121129 0.195293 0.061936
7 0.605772 0.447080 0.121042 0.053704
7 0.448305 0.316543 0.124405 0.060760
7 0.244746 0.503724 0.295601 0.055664
2 0.799944 0.147001 0.254413 0.179537
