0 0.393107 0.191102 0.226394 0.070169
0 0.496358 0.401215 0.227795 0.083497
0 0.097646 0.398471 0.143177 0.080361
1 0.484870 0.577617 0.103390 0.073305
1 0.803306 0.395923 0.188848 0.104273
4 0.648921 0.399647 0.090782 0.034888
4 0.484870 0.488828 0.024937 0.100353
4 0.456430 0.293414 0.053797 0.142297
4 0.261138 0.310270 0.177641 0.172089
7 0.393388 0.186397 0.200616 0.034104
7 0.804147 0.391807 0.140095 0.046648
7 0.478565 0.576637 0.056598 0.036064
7 0.493275 0.394355 0.185206 0.043120
7 0.099187 0.396511 0.119361 0.037240
