0 0.485290 0.153665 0.221911 0.091729
0 0.473662 0.324971 0.150462 0.098001
0 0.461614 0.529988 0.174559 0.087809
2 0.595405 0.745590 0.137293 0.108193
1 0.297562 0.736966 0.247688 0.105057
4 0.383161 0.633673 0.061922 0.132105
4 0.475343 0.425323 0.022135 0.117601
4 0.478285 0.237554 0.023536 0.094865
6 0.530120 0.631125 0.074531 0.134849
7 0.598767 0.738534 0.096386 0.048608
7 0.295741 0.733634 0.208742 0.047432
7 0.467498 0.525872 0.134772 0.046648
7 0.472261 0.323207 0.104511 0.049784
7 0.486271 0.161701 0.181283 0.056840
