0 0.401933 0.609761 0.216027 0.113289
0 0.687868 0.410623 0.238162 0.128185
3 0.277249 0.388083 0.189689 0.107409
2 0.566265 0.792826 0.252732 0.135241
4 0.566685 0.534888 0.107873 0.139161
4 0.290838 0.702078 0.065004 0.075265
1 0.182544 0.787730 0.246287 0.110153
5 0.470160 0.406703 0.203418 0.053704
6 0.467078 0.695414 0.020734 0.076049
7 0.279070 0.393179 0.142897 0.058016
7 0.690530 0.416307 0.203699 0.077617
7 0.563043 0.777538 0.206500 0.056840
7 0.403614 0.609761 0.178481 0.063897
7 0.182124 0.781654 0.195573 0.058800
