0 0.291678 0.218150 0.135612 0.092905
0 0.400672 0.438260 0.088540 0.068993
3 0.711124 0.202078 0.128327 0.079577
3 0.627207 0.437279 0.117960 0.087417
1 0.410759 0.650333 0.170356 0.090945
5 0.499159 0.213838 0.300084 0.034888
5 0.503502 0.442964 0.137854 0.032928
4 0.407397 0.536652 0.025217 0.146609
4 0.347997 0.328499 0.102550 0.163073
7 0.707061 0.200902 0.084898 0.044296
7 0.291258 0.211878 0.099468 0.043512
7 0.622723 0.438848 0.076492 0.043512
7 0.398571 0.436103 0.038386 0.038024
7 0.408098 0.653469 0.110675 0.045472
