0 0.351359 0.137397 0.181563 0.076441
0 0.170076 0.368875 0.185486 0.090161
0 0.569347 0.374167 0.193892 0.098393
2 0.811011 0.151509 0.162230 0.128185
1 0.160969 0.551548 0.128047 0.090945
4 0.160969 0.463152 0.026618 0.100745
4 0.260437 0.248922 0.089381 0.153665
4 0.461474 0.249706 0.079574 0.150529
6 0.584477 0.138377 0.295321 0.033712
7 0.357383 0.135829 0.145419 0.041160
7 0.807229 0.133085 0.127207 0.050568
7 0.567946 0.366719 0.148501 0.049784
7 0.168535 0.369267 0.147660 0.050960
7 0.147660 0.549980 0.045391 0.045472
