1 0.114598 0.366523 0.119361 0.094865
1 0.326702 0.765778 0.205660 0.099177
1 0.676800 0.761662 0.143738 0.080753
0 0.575231 0.398079 0.217428 0.083497
0 0.349818 0.580165 0.239003 0.078401
0 0.703839 0.586829 0.205099 0.091729
3 0.070328 0.574873 0.088540 0.070169
3 0.902214 0.578597 0.091342 0.071345
4 0.323340 0.383183 0.296442 0.059976
4 0.474923 0.485300 0.067246 0.111329
4 0.643037 0.484712 0.037546 0.103881
4 0.676940 0.667973 0.022976 0.107409
4 0.327403 0.665229 0.024377 0.116817
4 0.536705 0.695218 0.199776 0.135241
4 0.538246 0.667777 0.173158 0.113289
5 0.177781 0.577421 0.127487 0.032144
5 0.826562 0.578793 0.062763 0.037240
7 0.110955 0.360839 0.072289 0.054488
7 0.572850 0.392003 0.183525 0.042336
7 0.901793 0.578009 0.036145 0.037240
7 0.668395 0.759114 0.069207 0.048216
7 0.700476 0.578597 0.165873 0.039984
7 0.066825 0.577029 0.029420 0.035280
7 0.348417 0.577029 0.203699 0.039200
7 0.325161 0.763230 0.158308 0.042336
