1 0.200616 0.329479 0.270664 0.103097
1 0.174419 0.628577 0.197534 0.100745
2 0.861866 0.653861 0.193892 0.139553
2 0.860185 0.360447 0.159148 0.092905
0 0.527178 0.446884 0.302886 0.094865
6 0.728075 0.396511 0.115158 0.096825
6 0.701317 0.562132 0.133371 0.166209
4 0.351779 0.553900 0.155506 0.147393
4 0.370972 0.377891 0.077333 0.074481
7 0.198795 0.328303 0.221070 0.041160
7 0.169936 0.625049 0.137013 0.044296
7 0.860045 0.641513 0.153264 0.069385
7 0.858644 0.348883 0.122443 0.039200
7 0.526198 0.442376 0.268423 0.044296
