0 0.173438 0.170717 0.096946 0.077225
0 0.428271 0.424931 0.152143 0.090161
3 0.764500 0.427675 0.244606 0.101921
1 0.502522 0.623677 0.188568 0.099569
1 0.193472 0.634261 0.152143 0.084673
4 0.182124 0.390043 0.041468 0.401411
4 0.322639 0.536260 0.124124 0.141121
4 0.469880 0.513916 0.030821 0.113681
5 0.574811 0.430223 0.149902 0.041160
7 0.173438 0.163073 0.065004 0.039200
7 0.427571 0.421207 0.129448 0.046648
7 0.762539 0.425127 0.196974 0.049784
7 0.505884 0.627793 0.140936 0.049000
7 0.194312 0.630929 0.112917 0.046648
