2 0.119081 0.346531 0.128327 0.081537
2 0.736201 0.214230 0.150462 0.089769
3 0.553656 0.345355 0.154105 0.075265
3 0.392687 0.227950 0.234519 0.073305
0 0.743626 0.480008 0.161950 0.088985
6 0.251331 0.300666 0.142337 0.094865
6 0.630849 0.277342 0.073690 0.093689
5 0.641076 0.405723 0.056038 0.080753
5 0.477865 0.294786 0.040628 0.065073
7 0.737742 0.205018 0.125525 0.042336
7 0.743205 0.467072 0.129168 0.050568
7 0.549734 0.344375 0.113757 0.040376
7 0.394508 0.227362 0.202858 0.051744
7 0.120902 0.339083 0.094985 0.036064
