5 0.826562 0.227362 0.152424 0.105057
0 0.244746 0.238730 0.236761 0.094865
0 0.508406 0.370639 0.210983 0.086633
0 0.751751 0.460016 0.138414 0.106233
1 0.288316 0.557428 0.145139 0.103489
5 0.551835 0.238142 0.398151 0.041944
4 0.255394 0.387103 0.033903 0.239514
4 0.394929 0.297530 0.069207 0.068209
4 0.642897 0.411407 0.080415 0.116425
7 0.825862 0.224226 0.111236 0.058016
7 0.742925 0.455900 0.078173 0.058800
7 0.504343 0.366523 0.173158 0.041552
7 0.247408 0.235986 0.193331 0.054880
7 0.276128 0.554292 0.060241 0.043120
