0 0.485570 0.270090 0.109274 0.071345
3 0.810451 0.547040 0.124685 0.088985
3 0.513169 0.555860 0.211544 0.094081
2 0.476604 0.766170 0.184365 0.112505
1 0.130149 0.485104 0.125245 0.103097
4 0.317456 0.373187 0.243205 0.209330
5 0.481367 0.406115 0.042029 0.215602
5 0.642617 0.405331 0.236201 0.258722
6 0.487812 0.644649 0.014570 0.132889
7 0.481507 0.273226 0.064164 0.039984
7 0.805127 0.552332 0.075932 0.039200
7 0.515410 0.554684 0.179042 0.052528
7 0.480807 0.760486 0.135052 0.045472
7 0.119221 0.481576 0.061922 0.050568
