0 0.490333 0.388867 0.140656 0.081537
0 0.488512 0.552332 0.125245 0.090945
2 0.750350 0.391807 0.128327 0.083497
3 0.735220 0.566053 0.102550 0.068993
1 0.701597 0.767346 0.231437 0.102313
1 0.383721 0.774990 0.202017 0.107409
4 0.564444 0.661113 0.104511 0.128969
4 0.447184 0.662681 0.048753 0.128185
4 0.490754 0.467072 0.019333 0.093689
6 0.619361 0.394355 0.136453 0.020384
5 0.616839 0.568209 0.137013 0.040376
7 0.377977 0.771462 0.156346 0.046256
7 0.492155 0.382987 0.113477 0.049392
7 0.749089 0.377891 0.099468 0.036848
7 0.732838 0.562525 0.052396 0.041552
7 0.701177 0.771462 0.176240 0.044688
7 0.487812 0.551744 0.103110 0.060760
