0 0.437237 0.145041 0.196974 0.128577
0 0.498459 0.337515 0.192211 0.121521
1 0.334828 0.579969 0.191090 0.096825
2 0.836509 0.355351 0.190249 0.122697
2 0.100588 0.153273 0.112076 0.108193
3 0.653264 0.592317 0.152704 0.101137
5 0.581816 0.471580 0.084898 0.150529
6 0.249650 0.144061 0.188848 0.034104
6 0.668114 0.344571 0.155506 0.039200
7 0.435136 0.136221 0.161390 0.067817
7 0.102129 0.140337 0.060241 0.045472
7 0.495097 0.339475 0.142897 0.065857
7 0.833987 0.346139 0.155506 0.062721
7 0.650322 0.591729 0.068366 0.048216
7 0.327403 0.579381 0.138134 0.065073
4 0.408518 0.467464 0.072850 0.144649
4 0.478986 0.240494 0.041188 0.088985
