0 0.524377 0.180713 0.173438 0.108193
1 0.747829 0.577421 0.159709 0.096433
2 0.117400 0.585849 0.121042 0.113289
0 0.518773 0.392199 0.165032 0.079577
3 0.338470 0.582909 0.233119 0.111329
6 0.203418 0.584477 0.058280 0.027440
5 0.457691 0.479420 0.072009 0.108193
4 0.646680 0.463152 0.101429 0.143081
4 0.517932 0.289886 0.027178 0.139945
7 0.524797 0.182477 0.144018 0.049784
7 0.514850 0.392003 0.104511 0.045472
7 0.739843 0.573305 0.098347 0.041160
7 0.337770 0.577029 0.199776 0.044688
7 0.115859 0.578989 0.087700 0.050960
