0 0.301205 0.340259 0.113757 0.071345
0 0.718268 0.338299 0.115719 0.081537
0 0.215747 0.509408 0.144578 0.085849
0 0.421687 0.500196 0.118801 0.085457
2 0.623144 0.504312 0.163071 0.093689
2 0.207201 0.697178 0.195293 0.108585
1 0.847997 0.498628 0.133651 0.092513
4 0.252592 0.421599 0.045671 0.112505
4 0.354441 0.417679 0.056038 0.079577
4 0.772345 0.419247 0.059120 0.090553
6 0.672457 0.412975 0.042029 0.096825
6 0.219389 0.585849 0.025217 0.112505
7 0.302326 0.337123 0.079014 0.036064
7 0.215326 0.509016 0.108434 0.059976
7 0.422948 0.497060 0.066405 0.044688
7 0.205380 0.689338 0.159148 0.047432
7 0.623424 0.501176 0.126646 0.044296
7 0.720370 0.338299 0.077333 0.046256
7 0.846175 0.501176 0.072289 0.048216
