0 0.503923 0.342219 0.265340 0.087809
0 0.617120 0.500588 0.188008 0.082321
0 0.289857 0.495100 0.157187 0.075265
1 0.601289 0.639357 0.128327 0.094081
1 0.321519 0.646609 0.180723 0.083497
7 0.507005 0.340847 0.239003 0.041160
7 0.617540 0.505488 0.158027 0.050568
7 0.599468 0.641513 0.073130 0.046648
7 0.288316 0.499020 0.112637 0.046256
7 0.316335 0.643669 0.149622 0.048608
4 0.377837 0.422187 0.078173 0.078401
4 0.594704 0.420227 0.029420 0.088593
4 0.617540 0.564093 0.026338 0.071345
4 0.305688 0.563701 0.032502 0.072129
