0 0.376716 0.146413 0.167274 0.107017
0 0.118100 0.306350 0.125806 0.113289
1 0.578033 0.673853 0.140095 0.075265
1 0.120062 0.517640 0.108434 0.080361
0 0.571028 0.486868 0.240964 0.090945
2 0.749650 0.305174 0.221070 0.121913
6 0.545951 0.225206 0.190810 0.154841
4 0.429392 0.318503 0.124124 0.254410
4 0.241524 0.263426 0.113757 0.137985
4 0.115438 0.420227 0.032502 0.120737
3 0.289297 0.678165 0.102830 0.085457
5 0.417624 0.599765 0.156627 0.149745
7 0.376436 0.143669 0.125806 0.059192
7 0.746708 0.288710 0.189409 0.061544
7 0.575091 0.486476 0.203699 0.051744
7 0.571729 0.672873 0.077052 0.047432
7 0.290417 0.678165 0.059681 0.041552
7 0.116699 0.518032 0.068086 0.043512
7 0.120342 0.308310 0.093864 0.058408
