0 0.451667 0.268522 0.104791 0.082321
0 0.605071 0.378087 0.113477 0.086633
0 0.287616 0.388671 0.136453 0.099961
0 0.684926 0.580949 0.164472 0.117601
0 0.298403 0.588789 0.168114 0.110545
4 0.492575 0.578009 0.226394 0.049784
4 0.287195 0.478048 0.026338 0.090553
4 0.397450 0.354567 0.087700 0.099961
4 0.536845 0.295962 0.065565 0.075265
4 0.645139 0.466680 0.045111 0.099177
7 0.682404 0.566641 0.126926 0.049784
7 0.295741 0.568209 0.136453 0.048216
7 0.282852 0.381027 0.098907 0.053312
7 0.451247 0.268522 0.077613 0.049392
7 0.603110 0.381419 0.083217 0.052528
