1 0.145699 0.433555 0.188848 0.098785
1 0.482908 0.705410 0.223312 0.099961
0 0.486691 0.428459 0.165873 0.092513
0 0.479546 0.565661 0.150462 0.092513
4 0.329224 0.439828 0.181563 0.039200
4 0.481788 0.628577 0.017652 0.057624
4 0.485570 0.492944 0.019053 0.064681
6 0.624124 0.427479 0.137013 0.030968
5 0.621182 0.596629 0.151863 0.090945
7 0.138274 0.431007 0.138694 0.044296
7 0.482628 0.428459 0.115158 0.041552
7 0.820958 0.427871 0.235920 0.044296
7 0.799384 0.623481 0.142337 0.057624
7 0.480807 0.705410 0.158588 0.050568
7 0.480387 0.566641 0.113477 0.037240
