0 0.501261 0.232654 0.204539 0.107801
0 0.491034 0.532536 0.158308 0.107801
0 0.809190 0.518228 0.172037 0.090161
0 0.118941 0.529792 0.199776 0.115641
1 0.478565 0.707958 0.137854 0.075265
1 0.800925 0.705018 0.147660 0.088985
1 0.118240 0.706782 0.142337 0.081537
4 0.681563 0.375147 0.173998 0.217170
4 0.486131 0.376323 0.045391 0.208546
4 0.804987 0.607801 0.028579 0.103881
4 0.479686 0.625245 0.026338 0.094081
4 0.115438 0.624657 0.028019 0.106233
4 0.315354 0.378283 0.205380 0.196002
7 0.501681 0.224030 0.161110 0.046648
7 0.814094 0.521952 0.140936 0.049000
7 0.801625 0.706782 0.088540 0.054096
7 0.489913 0.525088 0.130289 0.052920
7 0.471701 0.707958 0.078734 0.039200
7 0.115859 0.527636 0.165032 0.060368
7 0.109414 0.707174 0.082656 0.048608
