1 0.506164 0.212858 0.091622 0.074481
1 0.639675 0.313799 0.098627 0.070169
1 0.480387 0.607409 0.106192 0.085849
2 0.313393 0.585653 0.105632 0.087809
2 0.652564 0.495492 0.086299 0.094865
3 0.214206 0.439828 0.108994 0.080753
1 0.300925 0.260290 0.098067 0.072129
1 0.450546 0.421207 0.154105 0.080361
4 0.475623 0.321639 0.038946 0.145433
4 0.566265 0.382987 0.077333 0.074481
4 0.480387 0.508820 0.022135 0.117601
4 0.367890 0.340259 0.070048 0.098001
5 0.325581 0.425911 0.119361 0.030184
6 0.377977 0.499804 0.065004 0.094865
6 0.565284 0.463936 0.089941 0.077225
7 0.502522 0.214426 0.029420 0.036064
7 0.630008 0.316151 0.033903 0.041160
7 0.644718 0.488828 0.028019 0.032144
7 0.467078 0.602705 0.028019 0.041160
7 0.299384 0.578597 0.036145 0.038416
7 0.213365 0.440220 0.033903 0.042336
7 0.450126 0.421795 0.122443 0.036064
