0 0.456150 0.442572 0.163631 0.098001
2 0.749370 0.462172 0.137013 0.137201
6 0.605772 0.437868 0.153544 0.022736
0 0.672878 0.702862 0.132530 0.108977
1 0.189549 0.769894 0.140936 0.097217
1 0.437237 0.770090 0.120202 0.086633
4 0.323760 0.608389 0.167274 0.248530
4 0.450827 0.607997 0.023536 0.247746
4 0.555338 0.739514 0.109835 0.070953
7 0.454889 0.440416 0.129168 0.056840
7 0.737041 0.435711 0.069207 0.047432
7 0.672177 0.693062 0.093023 0.046256
7 0.427010 0.763230 0.061082 0.042336
7 0.186887 0.768914 0.100308 0.047432
