0 0.455840 0.165361 0.154416 0.091693
0 0.332194 0.382249 0.166382 0.103056
1 0.608405 0.371473 0.162678 0.056426
1 0.457835 0.649882 0.154986 0.067006
1 0.181197 0.652429 0.168661 0.064263
4 0.398575 0.271356 0.083191 0.125000
4 0.518519 0.275666 0.092308 0.139107
4 0.380627 0.524099 0.113390 0.188480
4 0.243875 0.527625 0.097436 0.197884
7 0.457835 0.170259 0.116239 0.044279
7 0.603989 0.368926 0.083191 0.028605
7 0.446581 0.651450 0.072650 0.034875
7 0.179630 0.648315 0.131339 0.037226
7 0.319516 0.384796 0.058405 0.058777
