0 0.420006 0.283026 0.159148 0.082321
2 0.111376 0.296942 0.186327 0.102313
3 0.666853 0.487848 0.112076 0.085849
0 0.411740 0.485692 0.094424 0.079185
1 0.203839 0.655821 0.134211 0.098001
1 0.510367 0.654841 0.136453 0.099961
4 0.414402 0.379459 0.024096 0.130929
4 0.331045 0.578989 0.133651 0.113681
4 0.448025 0.575461 0.056038 0.108193
6 0.275427 0.292238 0.159148 0.028616
5 0.530541 0.495492 0.162230 0.035280
7 0.659569 0.492552 0.062202 0.047432
7 0.423928 0.285182 0.121603 0.047432
7 0.105352 0.289298 0.149622 0.045472
7 0.411180 0.487848 0.054637 0.044296
7 0.508826 0.656997 0.081816 0.039984
7 0.199776 0.659153 0.079014 0.050568
