0 0.455310 0.316935 0.119361 0.086633
0 0.206080 0.520776 0.082656 0.092121
0 0.583637 0.531752 0.119361 0.092905
3 0.761278 0.314583 0.193331 0.106233
3 0.816615 0.522344 0.092743 0.084281
1 0.453909 0.709722 0.121042 0.083497
4 0.441720 0.508036 0.024377 0.313603
4 0.322920 0.427871 0.152704 0.194826
4 0.319697 0.614269 0.151863 0.173265
4 0.526898 0.619757 0.078173 0.104273
5 0.588120 0.321247 0.160829 0.041160
5 0.702718 0.538416 0.135052 0.038024
7 0.759456 0.313407 0.155506 0.050568
7 0.814794 0.520776 0.053797 0.044296
7 0.587980 0.529988 0.085458 0.054880
7 0.439479 0.711682 0.045111 0.048216
7 0.451947 0.315955 0.077333 0.051744
7 0.208041 0.517640 0.052396 0.040376
