0 0.434996 0.177577 0.123564 0.110545
0 0.268142 0.347119 0.131690 0.110153
0 0.615298 0.332811 0.100869 0.094081
1 0.629168 0.504312 0.186327 0.092121
1 0.271084 0.509212 0.172878 0.087025
4 0.535444 0.233242 0.090782 0.117601
4 0.616419 0.414935 0.019613 0.086633
4 0.258196 0.432379 0.018212 0.090161
4 0.334688 0.238926 0.084898 0.110153
7 0.430092 0.176401 0.062202 0.048608
7 0.612356 0.333791 0.050714 0.043512
7 0.627767 0.501176 0.145419 0.049784
7 0.259316 0.343199 0.070328 0.049784
7 0.264640 0.503920 0.123564 0.046648
