0 0.399412 0.386123 0.173998 0.088593
0 0.191790 0.606821 0.188008 0.088593
0 0.599468 0.622893 0.177921 0.100353
2 0.855702 0.647785 0.150182 0.118777
2 0.794060 0.409251 0.109835 0.108193
1 0.611656 0.841043 0.144578 0.107017
1 0.166994 0.819875 0.153544 0.099961
4 0.306388 0.502156 0.098907 0.141121
4 0.501821 0.497060 0.098627 0.163857
4 0.613477 0.725598 0.028860 0.127793
4 0.178061 0.708546 0.036705 0.135241
6 0.611796 0.392395 0.269263 0.022736
6 0.730317 0.628577 0.104511 0.020776
7 0.795601 0.387103 0.059681 0.043512
7 0.402914 0.381027 0.144578 0.045472
7 0.855282 0.626029 0.115719 0.048608
7 0.599888 0.830263 0.047072 0.046256
7 0.157747 0.812230 0.089101 0.051744
7 0.190950 0.603881 0.152704 0.047432
7 0.601709 0.615249 0.139255 0.051352
