1 0.193191 0.080165 0.092183 0.073305
1 0.763239 0.166601 0.086299 0.078401
0 0.192491 0.202078 0.173158 0.077225
0 0.527178 0.262250 0.152704 0.078401
0 0.529000 0.429047 0.144578 0.079577
3 0.793640 0.432771 0.106192 0.078401
0 0.279070 0.613093 0.240403 0.080753
4 0.448725 0.531164 0.103390 0.133281
4 0.669235 0.433163 0.138694 0.038416
4 0.659288 0.236182 0.114318 0.079577
4 0.366489 0.244414 0.179322 0.096041
7 0.527178 0.262446 0.124685 0.041160
7 0.762398 0.173657 0.049314 0.036848
7 0.794480 0.431595 0.069207 0.032928
7 0.531521 0.428459 0.109835 0.039200
7 0.279490 0.610545 0.211544 0.041944
7 0.194312 0.199530 0.148781 0.039200
7 0.191650 0.084477 0.050995 0.038024
