0 0.328944 0.205606 0.093584 0.063897
0 0.718549 0.347315 0.097226 0.081537
0 0.331045 0.345355 0.105632 0.068993
0 0.513169 0.534104 0.118521 0.077225
1 0.161530 0.347903 0.089381 0.070169
2 0.203558 0.543512 0.148221 0.099961
6 0.368731 0.548020 0.189409 0.029008
4 0.241804 0.352019 0.074531 0.029008
4 0.329224 0.273226 0.020734 0.079185
4 0.428411 0.422383 0.102550 0.154841
4 0.646680 0.459428 0.145139 0.152881
7 0.717428 0.347315 0.050714 0.042336
7 0.511068 0.532144 0.093584 0.040376
7 0.203558 0.535868 0.115719 0.049392
7 0.325581 0.344375 0.056038 0.034104
7 0.328944 0.204626 0.061082 0.036848
7 0.154805 0.348883 0.055198 0.039200
