0 0.608854 0.374167 0.206220 0.083497
0 0.166713 0.372403 0.198375 0.087025
2 0.589101 0.661701 0.222751 0.095649
2 0.894368 0.546844 0.181563 0.111329
2 0.313533 0.528812 0.198375 0.108977
1 0.111796 0.520384 0.109835 0.079577
4 0.112496 0.447864 0.026618 0.082713
6 0.237321 0.441396 0.049314 0.078401
6 0.588400 0.503724 0.021294 0.220306
6 0.758756 0.433947 0.121042 0.120737
7 0.608154 0.372599 0.169515 0.044296
7 0.897310 0.532144 0.156066 0.049784
7 0.588680 0.651313 0.185486 0.046648
7 0.311152 0.518228 0.169515 0.058016
7 0.105212 0.517052 0.065284 0.041552
7 0.165873 0.374559 0.154665 0.046648
