0 0.748389 0.387495 0.242645 0.112505
0 0.405856 0.380243 0.295041 0.120737
2 0.750210 0.584869 0.209302 0.123873
3 0.387223 0.578401 0.226394 0.112505
5 0.380499 0.476088 0.025778 0.093689
6 0.742505 0.479420 0.021294 0.091729
1 0.115018 0.398667 0.155506 0.120737
7 0.109975 0.393179 0.115719 0.061936
7 0.399272 0.384947 0.265621 0.072129
7 0.749790 0.382791 0.210143 0.067817
7 0.748809 0.577813 0.147660 0.059584
7 0.389745 0.572129 0.175399 0.060760
4 0.227094 0.389455 0.068647 0.050568
4 0.594004 0.387495 0.081255 0.040376
