0 0.376436 0.158173 0.256374 0.086633
0 0.617260 0.267934 0.205660 0.089769
0 0.160829 0.282046 0.163071 0.090553
2 0.818156 0.436103 0.135612 0.093689
6 0.745167 0.346531 0.087139 0.104273
1 0.603530 0.549196 0.147380 0.088593
1 0.137153 0.554684 0.138134 0.081537
4 0.136033 0.417483 0.032222 0.199138
4 0.602830 0.406115 0.033903 0.192866
4 0.526478 0.190122 0.052115 0.068209
4 0.231577 0.202078 0.052396 0.069385
7 0.379378 0.157193 0.221351 0.051744
7 0.618661 0.267542 0.165873 0.043512
7 0.811432 0.432183 0.098627 0.044296
7 0.597226 0.547040 0.059681 0.047432
7 0.124264 0.550568 0.063603 0.044296
7 0.155226 0.280870 0.121042 0.057624
