0 0.140095 0.567425 0.142337 0.101529
0 0.390446 0.403763 0.177921 0.085457
1 0.398291 0.571149 0.177361 0.094081
1 0.614598 0.577617 0.188568 0.100745
3 0.725413 0.357703 0.280191 0.110153
5 0.532362 0.376715 0.112076 0.057232
4 0.274166 0.502156 0.125806 0.123873
4 0.387784 0.483144 0.021294 0.094473
4 0.521715 0.476872 0.087980 0.113289
7 0.729616 0.358291 0.219109 0.047824
7 0.608854 0.570757 0.137854 0.050960
7 0.401373 0.573305 0.131970 0.047432
7 0.134772 0.568405 0.109274 0.050960
7 0.381620 0.405331 0.125525 0.044688
