0 0.288176 0.157977 0.190249 0.090161
2 0.725133 0.164249 0.105352 0.102705
2 0.787616 0.351235 0.163631 0.108193
0 0.471000 0.335555 0.165312 0.093297
0 0.155926 0.344571 0.192491 0.090161
1 0.132950 0.529204 0.126366 0.072129
1 0.375175 0.526068 0.103670 0.078401
3 0.549033 0.520776 0.116839 0.082713
6 0.524657 0.148373 0.302886 0.034888
6 0.621322 0.334379 0.167274 0.029792
5 0.507285 0.427087 0.059120 0.109369
4 0.398711 0.433947 0.047632 0.118385
4 0.132810 0.434535 0.021855 0.121913
4 0.226114 0.247942 0.053797 0.104665
4 0.392547 0.244806 0.064444 0.110937
7 0.718689 0.149941 0.056038 0.044296
7 0.786075 0.340651 0.136453 0.048608
7 0.468759 0.336535 0.118240 0.044296
7 0.544130 0.523520 0.064444 0.032536
7 0.373354 0.525676 0.050154 0.045472
7 0.125946 0.525088 0.082656 0.040376
7 0.153264 0.342807 0.159709 0.044296
7 0.288456 0.154841 0.158868 0.045472
