0 0.469739 0.204626 0.136453 0.084673
0 0.317736 0.429439 0.229196 0.080361
0 0.634491 0.436103 0.259737 0.083497
1 0.594284 0.717366 0.282432 0.094865
1 0.239563 0.711682 0.214626 0.093689
3 0.745027 0.623873 0.104791 0.067033
3 0.105772 0.571345 0.106192 0.093689
4 0.413281 0.328891 0.070608 0.147393
4 0.512048 0.319091 0.075371 0.163073
4 0.445783 0.576833 0.200616 0.226970
4 0.552676 0.567229 0.019333 0.209330
5 0.705240 0.529596 0.053236 0.121521
5 0.205800 0.517640 0.092183 0.112505
7 0.468619 0.201490 0.098907 0.045472
7 0.635612 0.431007 0.222191 0.040376
7 0.740263 0.618777 0.056598 0.036456
7 0.590361 0.714622 0.240403 0.046256
7 0.238862 0.712662 0.183525 0.042336
7 0.106192 0.575461 0.050995 0.042336
7 0.315915 0.433555 0.194732 0.045472
