0 0.411460 0.225598 0.158308 0.089769
0 0.585178 0.543512 0.185766 0.096041
0 0.822499 0.537828 0.153264 0.082321
3 0.850939 0.688358 0.211824 0.105057
1 0.575091 0.688358 0.145419 0.088593
1 0.266601 0.696786 0.141496 0.096825
4 0.629728 0.363583 0.279350 0.266170
4 0.463015 0.384163 0.115719 0.228930
4 0.306388 0.459820 0.126926 0.378675
4 0.574110 0.613093 0.023536 0.058016
4 0.711544 0.627597 0.129168 0.098785
5 0.830905 0.610153 0.019894 0.070169
7 0.416223 0.219130 0.129728 0.055664
7 0.254693 0.686985 0.067806 0.040376
7 0.585458 0.541944 0.149902 0.045080
7 0.571028 0.682869 0.091342 0.042336
7 0.820678 0.539788 0.109835 0.039200
7 0.855001 0.679145 0.160549 0.045080
